0011000000000000
0101001001100000
0010101000011010
0010110000011010
0001001001100001
0001010001100000
0001011001000010
0001000000111110
0000100000000011
0001000000111111
0000100000000011
0000111000000100
0001111001100000
1111000000100101
0001111011100000
1111000000100101
0001100001000001
0001100100000011
0001100100000101
0000100000000001
0000111111111101
0001100100000110
0001001010100000
0001010011100000
0001011100100000
0001000000111111
0000100111110011
0000111111110100
1111000000100101
1111110000000000
0000010000000000
0000001110100010
0000000000000001
0000000000000100
0000000111100110
