0011000000000000
0010110000010110
1001111110111111
0001111111100001
0001001001100001
0001010010100001
0001011011100010
0001000000100000
0000010000010000
0001000000111111
0000010000010000
0001000000111111
0000010000010000
0001101001000001
0001100011000101
0001100100000111
0000011111111110
0001100100000110
0001001010100000
0001010011100000
0001011100100000
0001000000111111
0000010000000110
0000111111110101
0000010000000000
0001111001100000
1111000000100101
0001111010100000
1111000000100101
0001111011100000
1111000000100101
0000001110100010
0000000000000001
0000000000000110
0000000111000110
