0011000000000000
0010101000011101
0001001001100001
0001010010100001
0001011011100010
0001100000111111
0000110000010010
0001000000111110
0000010000010100
0001001001000001
0001001001000011
0101001001000101
0001000000111111
0000010000001011
0001010010000010
0001010010000001
0101010010000101
0001000000111111
0000010000001000
0001011011000011
0001011010000011
0101011011000101
0001000000111111
0000010000000101
0000101111110000
0001111001100000
1111000000100101
0001111010100000
1111000000100101
0001111011100000
1111000000100101
0000001111111111
0000001110100010
0000000000001010
0000000010010010
0000000100110010
