0011000000000000
0101100100100000
0101101101100000
0101111111100000
0010001000011000
0010010000011000
0010011000011000
0010110000011000
0001000000111110
0000110000001111
0001100011000001
0001100100000001
0001101100000110
0000100000000010
0001100100000110
0000001111111100
0001001010100000
0001010011100000
0001011100100000
0101100100100000
0001000000111111
0000010000000001
0000111111110011
0001111011100000
0000111000000100
0001000000100010
0001111111000000
0000001000000001
0001111111100001
0000000000000001
0000000000000001
0000000000000010
1111110000000000
0000001110100010
0000000011110110
0000000110000010
0000000111100010
