0011000000000000
0001001001100001
0001010010100001
0001011011100010
0010101000010101
0001100000111110
0000100000000010
0000001000000011
0001111111100001
0001111111100001
0000111000001110
0001000000111110
0001100001000001
0001100100000011
0001110100000101
0000100000000010
0001100100000101
0000111111111100
0001001010100000
0001010011100000
0001011100100000
0001000000111111
0000010000000001
0000111111110100
0001111111000011
1111000000100101
1111110000000000
0000001110100010
0000000000000001
0000000000000001
0000000010110010
