0011000000000000
0001001001100001
0001010010100010
0001011011100100
0010100000010111
0001000000111111
0000010000000101
0001000000111111
0000010000000101
0001000000111111
0000010000000101
0000001000000110
0001111001100000
0000111000001101
0001111010100000
0000111000001011
0001111011100000
0000111000001001
0001111001100000
0001111111000001
0001111111000011
0101111111000100
0001001010100000
0001010011100000
0001011111100000
0001000000111111
0000001111110111
1111000000100101
0000001111111111
0000001110100010
0000000011110110
0000001011100110
0000000010010010
