0011000000000000
0010001000010110
0010010000010101
0010011000010101
0010100000010101
0010110000010101
0001000000111110
0000011000000010
0010111000001111
0000111000001101
0000001000000010
0010111000001101
0000111000001010
0001001001000001
0001111001000011
0001111111000100
0000011111111110
0001111111000110
0001001010100000
0001010011100000
0001011111100000
0001000000111111
0000001111110110
1111000000100101
0000000000000001
0000000000000010
1111110000000000
0000010000000000
0000000111010110
0000000000110010
0000000110000010
0000001101000010
