0011000000000000
0001101101100001
0001110110101001
0001101101000101
0001101101100001
0001110110111111
0000001111111100
0001001001100001
0001010010100001
0001011011100001
0001000000111111
0000010000001111
0001011011100001
0001000000111111
0000010000001100
0001100001000001
0001100100000011
0101100100000101
0101001001100000
0001001001000010
0101010010100000
0001010010000011
0101011011100000
0001011011000100
0101100100100000
0001000000111111
0000001111110100
0001111111000011
0000001110100010
0000000011110110
0000000110000010
0000000011000010
