0011000000000000
0001000000111111
0000110000010100
0001000000111111
0000010000010001
0001001001100001
0001010010100001
0001011011100010
0010101000010000
0010110000010000
0001100011100000
0001001001000001
0001011011000001
0001011011000110
0000011111111110
0001011011000101
0001001010100000
0001010100100000
0001000000111111
0000001111110110
0001111011100000
0000111000000010
0001111111100001
0001111111100001
1111000000100101
0000010000000000
1111110000000000
0000001110100010
0000000000001010
0000000001010110
0000000111100110
