0011000000000000
0010101000011110
0001001001100001
0001010010100001
0001011011100010
0001000000111110
0000001000000101
0000010000000010
0001111111100001
1111000000100101
0001111111100010
1111000000100101
0001100001000001
0001100100000011
0101100100000101
0001001100100000
0001000000111111
0000010000001100
0001100010000010
0001100100000001
0101100100000101
0001010100100000
0001000000111111
0000010000000110
0001100011000011
0001100100000010
0101100100000101
0001011100100000
0001000000111111
0000001111101110
0001111100100000
1111000000100101
0000001111111111
0000001110100010
0000000000000001
0000000000000001
0000001011100110
