0011000000000000
0001100100100001
0001101101100001
0001110110100010
0001001001100010
0001010000111101
0000100000001101
0010010000010101
0001001001100001
0001011100000100
0001011011000110
0001100101100000
0001101110100000
0101111011000010
0001110111100000
1001011001111111
0001011011100001
0001011011000000
0000001111110101
0000111000001001
0001111100100000
0001000000100000
0000010000000110
0101111111100000
0001111101100000
0001000000111111
0000010000000010
0101111111100000
0001111110100000
0000001111111111
0000001110100010
0000001111110110
0000001111010010
0000000000000001
