0011000000000000
0001011011100001
0001000000111111
0000100000010011
0001001011100000
0001000000111111
0000100000010000
0001010011100000
0001011011100001
0001000000111111
0000100000001100
0001100001000001
0001100100000011
0010101000001011
0010110000001011
0001100100000110
0001100100000101
0000100111111110
0001001010100000
0001010011100000
0001011100100000
0001000000111111
0000011111110100
0001111011100000
1111000000100101
0000010000000000
1111010000000000
0000001110100010
0000001111110110
0000001011100110
0000000101110010
