0011000000000000
0010111000011111
1001000000111111
0001000000100001
0001110001000000
0000010000010011
0001011001100001
0001001001100001
0001110001000000
0000010000010001
0001100001100000
0001001001100001
0001110001000000
0000010000001101
0001101001100000
0001001001100001
0001010011100000
0001011100100000
0001100101100000
0001110010000010
0001101110000100
0001110001000000
0000100111111000
0101111101000111
1111000000100101
0001111001100001
1111000000100101
0001111001100000
1111000000100101
0000001110100010
0000000000000010
0000000000001010
0000000100100110
0000001111111111
