0011000000000000
0010101000010111
0010100000010111
0001001001100001
0001010010100001
0001011011100010
0001000000111111
0000001000000010
0001111111100001
1111000000100101
0001000000111111
0000001000000010
0001111111100010
1111000000100101
0001111001000001
0001111111000011
0001111111000101
0000011111111110
0001111111000100
0001001010100000
0001010011100000
0001011111100000
0001000000111111
0000001111110110
1111000000100101
1111110000000000
0000010000000000
0000001110100010
0000000011110110
0000000110000010
0000000100110010
