0011000000000000
0101001001100000
0101010010100000
0101011011100000
0101100100100000
0101101101100000
0101110110100000
0101111111100000
0001001001100001
0001010010100001
0001011011100010
0010101000010100
1001100101111111
0001100100100001
0001000000111110
0000110000001100
0001000000111111
0000100000001101
0001110001000001
0001111011000110
0001111111000101
0000001111111110
0000010000000001
0001111111000100
0001001010100000
0001010011100000
0001011111100000
0000111111110100
0000100000000001
0001111111100001
0001111111100001
1111000000100101
1111110000000000
0000001110100010
0000000000000100
0000000000110010
0000000000110010
