0011000000000000
0001001001100001
0001010010100001
0001011011100010
0001101101100001
0001110110101010
0001101101000101
0001110110111111
0000001111111101
0001100101000101
1001100100111111
1001101101111111
0101101100000101
0001000000111110
0000010000001011
0000100000001011
0001000000111111
0000100000001010
0001100010100000
0001010011100000
0001001001000001
0001011011000001
0101011101000011
0001001100100000
0001111011100000
0000111111110110
0001111111100001
0001111111100001
1111000000100101
0000001110100010
0000000100000110
0000001011010010
0000000101100110
