0011000000000000
0001010001100001
0001011001100010
0001001001100001
0001110101100111
0001101101101000
0001101101000101
0001110110111111
0000001111111101
0001101101111111
0001110000100000
0000010000001110
0001110110111111
0000010000001100
0001110110111111
0000010000001100
0001111001100000
0001111111000001
0001111111000011
0101111111000101
0001001010100000
0001010011100000
0001011111100000
0001110110111111
0000001111110111
0000111000000011
0001111111100001
0000111000000001
0001111111100010
1111000000100101
0000000111010110
0000000000000110
0000000001010110
0000000111110110
