0011000000000000
0101111111100000
0101001001100000
0101010010100000
0101011011100000
0001001001100001
0001010010100001
0001011011100010
0010100000010111
0001000000111111
0001111111100001
0001000000111111
0000101000000001
0001111111100001
0001001001000001
0001001001000011
0001000000111111
0000101000000001
0001111001100000
0001010010000010
0001010010000001
0001000000111111
0000101000000001
0001111010100000
0001011011000011
0001011011000010
0001000000111111
0000100000000010
0000001111110001
0001111011100000
0101111111000100
1111000000100101
0000001111111111
0000001110100010
0000001111110110
0000001011100110
0000001000110110
