0011000000000000
0001001000100000
0000010000011001
0001001000111111
0000010000010111
0001001000111110
0000010000010101
0101001001100000
0001001001100011
0001100100100001
0001011011100001
0001010010100010
0001100100000100
0001111010000100
0010110000010010
0001111110000111
0000011111111110
0010101000001110
0001111111000101
0001100011100000
0001011010100000
0001010111100000
1001101001111111
0001101101100001
0001001001100001
0001101101000000
0000001111110001
1111000000100101
0001111000100000
0000101000000001
0001111111100001
1111000000100101
0000010000000000
1111110000000000
0000001110100010
0000000000010010
0000000110100010
0000000100000110
