0011000000000000
0101111111100000
0001000000111110
0000010000000011
0000001000000100
0001111111100001
1111000000100101
0001111111100010
1111000000100101
0001001111100001
0001010111100001
0001011111100010
0010100000001101
0010101000001101
0101111111100000
0001111001000001
0001111011000111
0001111111000100
0000011111111110
0001111111000101
0001001010100000
0001010011100000
0001011111100000
0001000000111111
0000001111110101
1111000000100101
1111110000000000
0000010000000000
0000001110100010
0000000011110110
0000000110000010
0000001111010010
