0011000000000000
0001000000111101
0000001000000110
0001110000100001
0000110000000010
0001110110100011
0000111000011000
0001110110100010
0000111000010110
0001001001101000
0001010010100111
0001001001000001
0001010010111111
0000001111111101
0001001001111111
0001010010100001
0001011011100001
0001100100100010
0001101101100100
0000111000000100
0001010011100000
0001011100100000
0001100101100000
0001101110100000
0101110110100000
0001110101100000
0001110011000110
0001110011000110
0101110110000001
0001000000111111
0000001111110101
0001111110100000
0000001110100010
0000000011110110
0000000110000010
0000000011110010
