0011000000000000
0010001000010110
0010010000010110
0010011000010110
0010101000010010
0001000000111110
0000001000000101
0001000000100010
1110110000001111
0001110110000000
0110100110000000
0000111000001001
0001100001000001
0001100100000011
0101100100000101
0001000000111111
0000010000000100
0001001010100000
0001010011100000
0001011100100000
0000111111110111
0001111100100000
1111000000100101
0000001111111111
0000000000000001
0000000000000001
0000000000000010
0000000100100110
0000000011110110
0000000000011110
0000001111110110
