0011000000000000
0001001001100001
0001010010100001
0001011011100010
0010100000011001
0001111111100001
0001101000111110
0000100000010101
0000010000010011
0001001001000001
0001001001000011
0101001001000100
0101111001111111
0001101101111111
0000010000001110
0001010010000010
0001010010000001
0101010010000100
0101111010111111
0001101101111111
0000010000001000
0001011011000011
0001011011000010
0101011011000100
0101111011111111
0001101101111111
0000001111101110
0000010000000001
0001111111100001
1111000000100101
0000001111111111
0000001110100010
0000000000000001
0000001110000010
