0011000000000000
0010101000011000
0010110000011000
0001000000111110
0000100000010001
0000010000001110
0001001001100001
0001010010100001
0001011011100010
0001001001000001
0001100001000011
0001100100000101
0000011111111110
0001100100000110
0001001010100000
0001010011100000
0001011100100000
0001000000111111
0000001111110110
0000010000000100
0001111010100010
1111000000100101
0001111010100001
1111000000100101
0001111100100000
1111000000100101
1111110000000000
0000010000000000
0000001110100010
0000000000000001
0000000000000100
0000000111100010
