0011000000000000
0010110000011011
0001001001100001
0001010010100001
0001011011100010
0001000000111110
0000010000001101
0000100000001110
0001100001000001
0001100011000100
0001101100000110
0000100000000010
0001100101100000
0000111111111100
0001000000111111
0000010000001011
0001001010100000
0001010011100000
0001011100100000
0000111111110100
0001100011100000
0000111000000101
0001000000100001
0000010000000010
0001100001100000
0000111000000001
0001100010100000
0001111100100000
1111000000100101
1111110000000000
0000001110100010
0000000011110110
0000000110000010
0000000011110110
