0011000000000000
0001000000111111
0000001000000010
0001111111100001
0000111000010011
0001000000111111
0000001000000010
0001111111100010
0000111000001111
0010001000010011
1001010001111111
0001010010100001
0001111111100010
0001110110100001
0001101101100001
0001100101000101
0001101110100000
0001110111100000
0001111110000100
0001111111000010
0000011111111110
0001111111000001
0001000000111111
0000001111110111
1111000000100101
0000001110100010
0000000011110110
0000000110000010
0000000011010010
0000010000000000
