0011000000000000
0010001000011001
0010010000011001
0010011000011001
0010100000010101
0001111001100000
0001000000111111
0000100000010001
0001111010100000
0001000000111111
0000100000001110
0001111011100000
0001000000111111
0000100000001011
0000111000000011
0001001010100000
0001010011100000
0001011111100000
0101111111100000
0001111001000001
0001111111000011
0101111111000100
0001000000111111
0000100000000001
0000111111110110
1111000000100101
0000001111111111
0000000000000001
0000000000000001
0000000000000010
0000001110100010
0000000011110110
0000000110000010
0000000100000110
