0011000000000000
0101001001100000
0101010010100000
0101011011100000
0001001001100001
0001010010100001
0001011011100010
0101101101100000
0101111111100000
0101100100100000
0010100000010001
0001000000111110
0000110000001001
0000110000001101
0001101001000001
0001111011000101
0101111111000100
0001001010100000
0001010011100000
0001011111100000
0001000000111111
0000111111110111
0000010000000010
0001111010100000
0000111000000010
0001111011100000
0000111000000000
1111000000100101
0000001111111111
0000001110100010
0000000000000100
0000000000110010
0000000101100110
