0011000000000000
0010110000011011
0001001001100001
0001000000111111
0001010010100001
0101111110000010
0001000000111111
0000100000010100
0001011011100010
0101111110000011
0001000000111111
0000100000010000
0001001001000001
0001001001000011
0101111110000001
0001000000111111
0000100000001011
0001010010000010
0001010010000001
0101111110000010
0001000000111111
0000100000000110
0001011011000011
0001011011000010
0101111110000011
0001000000111111
0000100000000001
0000111111110000
1111000000100101
0000001111111111
0000001110100010
0000000000000001
0000000000000001
0000001011110110
