0011000000000000
0010001000011101
1110010000011100
0101011011100000
0001011011100001
0001100011100000
0001101011100001
0001110101100000
0001000000111110
0000010000001111
0000100000001111
0001011011000011
0001110110000011
0101110110000001
0001011100100000
0001100101100000
0001101110100000
0001000000111111
0000001111111000
0001111111100000
0000001000000010
0001111110100000
0000111000000100
0111110010000000
0000111000000010
0001111111100001
0001111111100001
0001010010100001
0110000010000000
0000011111100101
1111000000100101
0000001111111111
0000000000010100
0000000000001011
0000000000010000
0000000000111011
1111111111111111
