0011000000000000
1001000000111111
0001000000100001
0001101001000000
0000010000010011
0001011010100001
0001101011000000
0000010000010000
0001100001100001
0001001011100001
0001101001000000
0000010000001100
0001111001100000
0001001001100001
0001010011100000
0001011100100000
0001100111100000
0001110010000010
0001111110000100
0010101000000110
0101111111000101
0001101001000000
0000100111110110
1111000000100101
0001111100100001
1111000000100101
0000001111111111
0000001110100010
0000000000110010
0000001111110110
0000001011110010
