0011000000000000
0010101000011010
0001001001100001
0001010010100001
0001011011100010
0001110000111110
0000001000000010
0001100000100000
0000111000010001
0001100001000001
0001100011000100
0100100000001010
0001001100100000
0001100010000010
0001100001000100
0100100000000110
0001010100100000
0001100011000011
0001100010000100
0100100000000010
0001011100100000
0000111111110011
0101100100000101
0001110110111111
0000010000000001
1100000111000000
0001111100100000
1111000000100101
0000001111111111
0000000111010110
0000000000000001
0000000000000010
0000000010110010
