0011000000000000
0010001000010101
0010010000010100
0010011000010100
0010101000010100
0001000000111111
0000001000000001
0010111000001111
0001000000111111
0000001000000001
0010111000001100
0001100001000001
0001001010100000
0001010011100000
0001011011000100
0001110011100000
0001100110100000
0001110100000101
0000001111111101
0001011100100000
0001000000111111
0000001111110101
0001111011100000
0000000000000001
0000000000000010
1111110000000000
1111000000100101
0000001110100010
0000000011110110
0000000110000010
0000001000100110
