0011000000000000
0010101000011001
0001001001100001
0001010010100001
0001011011100010
0001000000111101
0000100000001011
0001001001000001
0001100011000001
0101100100000101
0101111100111111
0101001010111111
0101010011111111
0101011100111111
0101100100100000
0001000000111111
0000011111110110
1111000000100101
0001000000100010
0000001000000011
0000010000000100
0101111001111111
1111000000100101
0101111011111111
1111000000100101
0101111010111111
1111000000100101
0000001111111111
0000001110100010
0000001111110110
0000001011100110
0000000100000010
