0011000000000000
0001001001100001
0001010010100001
0001011011100010
0010100000010100
0001110000111111
0000010000001101
0001110110111111
0000010000001110
0001001001000001
0001001011000001
0001110110111111
0000010000000111
0011001000001100
0011010000001100
0011011000001100
0010001000001010
0010010000001010
0010011000000111
0000111111110101
0001111001100000
0101111100000111
1111000000100101
0001111011100000
1111000000100101
0000001111111111
0000000000000000
0000000000000000
0000000000000000
0000001110100010
0000000000010010
0000001011000110
0000000110100010
