0011000000000000
0001001001100001
0001000000111111
0000100000010001
0001010010100001
0001000000111111
0000100000010000
0001011011100010
0001000000111111
0000100000001111
0001100011000001
0001100100000001
0010101000010000
0101100100000101
0001000000111111
0000100000001011
0001001010100000
0001010011100000
0001011100100000
0000001111110110
1111000000100101
0001111001100000
0000111111111101
0001111010100000
0000111111111011
0001111011100000
0000111111111001
0001111100100000
0000111111110111
0000001111111111
0000001110100010
0000000011110110
0000000110000010
0000001111100010
