0011000000000000
0010001000011000
0010010000011000
0010011000011000
0010100000011000
0001111011100000
0001101000111110
0000010000010001
0001111010100000
0001101000111111
0000010000001110
0001111001100000
0001101000100000
0000010000001011
0001000000111110
0001000000111111
0000100000001000
0001111011100000
0001111001000111
0001111001000111
0101111111000100
0001001010100000
0001010011100000
0001011111100000
0000111111110110
1111000000100101
0000000000000001
0000000000000001
0000000000000010
0000001111111111
0000001110100010
0000000011110110
0000000110000010
0000000010010110
