0011000000000000
0001000000111111
0000001000000010
0001100100100001
0000111000010011
0001000000111111
0000001000000010
0001100100100010
0000111000001111
0001001001100001
0001010010100001
0001011011100010
0010110000001101
0001100001000001
0001100100000011
0001101100000110
0000100000000010
0001100101100000
0000111111111100
0001001010100000
0001010011100000
0001011100100000
0001000000111111
0000001111110101
0001111100100000
1111000000100101
1111110000000000
0000001110100010
0000000000000100
0000000000001010
0000001010010010
