0011000000000000
0101001001100000
0101010010100000
0101011011100000
0101100100100000
0101101101100000
0101110110100000
0101111111100000
0001001001100001
0001010010100001
0001011011100010
0101101000111111
1001000000111111
0001000000100001
0001110110000000
0000010000010000
0001110110000101
0001110110100001
0001001001000001
0001111001000011
0101001010111111
0101010011111111
0010100000001010
1001100100111111
0001100100100001
0001111111000100
0000001111111110
1001100100111111
0001100100100001
0001111111000100
0101011111111111
0000111111101110
0101111001111111
0000010000000000
0000001110100010
0000001011010110
0000001011010010
0000001101100110
