0011000000000000
0001100100100001
0001101101100001
0001110110100010
0001001001100010
0001001001100001
0001010100000100
0001111010000110
0001100101100000
0001101110100000
0010010000001111
0101111111000010
0001110111100000
1001010001111111
0001010010100001
0001011010000000
0000001111110100
0001010000111110
0000001000000101
0010111000000101
0001010010100000
0000010000000001
0000100000000001
0001111111100001
1111000000100101
0000000000000001
0000001111111111
0000001110100010
0000000011110110
0000000110000010
0000001110110010
