0011000000000000
0010101000100101
0001001001100001
0001010010100001
0001011011100010
0001100100100011
0001111111100010
0001110000111110
0000101000000011
0101111111100000
0001111111100010
1111000000100101
0001110000111111
0000101000000010
0001111111111111
1111000000100101
0101110100100001
0000001000000100
0101001001100000
0001001111100000
0001110010000010
0000111000001001
0101110100100010
0000001000000100
0101010010100000
0001010111100000
0001110011000011
0000111000000011
0101011011100000
0001011111100000
0001110001000001
0001111110000111
0101111101000111
0001100100100001
1001110100111111
0001110110100010
0001110110000000
0000001111101010
1111000000100101
0000001111111111
0000000011101110
0000000000010110
0000000110010010
0000001110000010
