0011000000000000
0000001111111111
0001000000100000
0000010000011000
0001001001100001
0001010010100001
0001011011100010
0010100111111001
0001000000111111
0000010000010000
0001000000111111
0000010000001100
0001001001000001
0001111001000011
0101111111000100
0101001001100000
0001001001000010
0101010010100000
0001010010000011
0101011011100000
0001011011000111
0001000000111111
0000001111110101
0000010000000101
0001111111000011
0000001000000011
0001111111000001
0000001000000001
0001111111100001
1111000000100101
0000001110100010
0000000011110110
0000000110000010
0000000111010110
