0011000000000000
0001001001100001
0001010010100001
0001011011100010
0010100000011111
1001101100111111
0001000000111111
0000100000000110
0001001001000001
0001001001000011
0001110001000101
0000100000000100
0001001001000101
0000111111111100
0001111001100000
1111000000100101
0001000000111111
0000100000000110
0001010010000010
0001010010000001
0001110010000101
0000100000000100
0001010010000101
0000111111111100
0001111010100000
1111000000100101
0001000000111111
0000100000000110
0001011011000011
0001011011000010
0001110011000101
0000100111100110
0001011011000101
0000111111111100
0001111011100000
1111000000100101
0000001111111111
0000001110100010
0000000000010010
0000001011000110
0000001110100110
