0011000000000000
0010101000011100
1110110000011011
0101001001100000
0001001001100001
0001010001100000
0001011001100001
0001000000111110
0000100000010000
0000010000001110
0001100011000001
0001100100000001
0101100100000101
0001001010100000
0001010011100000
0001011100100000
0001000000111111
0000001111111000
0001111111100000
0000001000000010
0001111100100000
0000111000000100
0111100110000000
0000111000000010
0001111111100001
0001111111100001
0001110110100001
0110000110000000
0000011111100110
1111000000100101
0000001111111111
0000000000010100
0000000000001011
0000000000010000
0000000000111001
1111111111111111
