0011000000000000
0001111111100010
0001001001100001
0001010010100001
0001101101101000
0001110110100111
0001101101000101
0001110110111111
0000001111111101
0001101101111111
0001110000111111
0000001000000010
0001111111111111
0000111000001011
0001110110111111
0000010000001001
0001000000111110
0001011010100000
0001010001100000
0001001111100000
0001111001000011
0001111111000011
0101111111000101
0001000000111111
0000001111111000
1111000000100101
0000001110100010
0000000000000001
0000000000000001
0000000110100010
