0011000000000000
0001000000111110
0000100000010011
0000010000010001
0010101000010110
0010110000010110
0010001000010001
0010010000010001
0010011000010001
0001100001000011
0001100100000001
0001100100000101
0000011111111110
0001100100000110
0011010000001001
0011011000001001
0011100000001001
0001000000111111
0000001111110011
0010111000000110
1111000000100101
0001111111100001
0001111111100001
1111000000100101
0000000000000001
0000000000000001
0000000000000010
1111110000000000
0000010000000000
0000001110100010
0000000000001010
0000000010010010
0000000001010110
