0011000000000000
0001001001100001
0001010010100001
0001011011100010
0010110000011001
0001100000111111
0000001000000010
0001111111100001
1111000000100101
0001100000111110
0000001000000010
0001111111100010
1111000000100101
0001001001000001
0001100011000001
0001101100000110
0001101101100000
0000100000000011
0001100101100000
0001101100000110
0000111111111011
0001001010100000
0001010011100000
0001011100100000
0001111100100000
0001000000111101
0000010000000010
0001000000100010
0000111111110000
1111000000100101
1111110000000000
0000001110100010
0000000000010010
0000000110100010
0000000110110110
