0011000000000000
0000001111111111
0010110111111110
0001001001100001
0001010010100001
0001011011100010
0001111001100000
0001101000100000
0000010000001111
0001111010100000
0001101000111111
0000010000001100
0001111011100000
0001101000111110
0000010000001001
0001000000111101
0001100001000001
0001111011000100
0001001010100000
0001010011100000
0001011111100000
0001000000111111
0000100000000001
0000111111111000
0101111111000110
1111000000100101
0000001011010010
0000000011110110
0000001011100110
0000000110100010
