0011000000000000
0001101101100100
0101001001100000
0001001001100001
0001010001100000
0001011001100001
0001110001100000
0001000000111111
0000110000001010
0001110110100001
0001000000111111
0000010000000111
0001110110000001
0001110110000001
0001001010100000
0001010011100000
0001011110100000
0001000000111111
0000001111111001
0001100100100000
0000010000000110
0111110100000000
0001101101111111
0000101000000001
1111000000100101
0001100100100001
0000111000000010
0001111110100000
1110100000000010
0110000100000000
0000111111100011
0000000000010100
0000000000110011
0000000000010011
0000000000000011
