0011000000000000
0001001001100001
0001010010100001
0001111111100010
0010110000010100
0001000000111111
0000011000000010
0001111001100000
0000111000001111
0001000000111111
0000011000000010
0001111010100000
0000111000001011
0001000000111111
0000011000000001
0000111000001000
0001001001000001
0001100111000001
0101100100000110
0001001010100000
0001010111100000
0001111100100000
0001000000111111
0000011111111000
1111000000100101
0000001111111111
0000001110100010
0000000011110110
0000000110000010
0000000010100110
