0011000000000000
0010001000010100
0010010000010100
0010011000010100
0010101000010100
0001110000111110
0000001000000101
0000010000000010
0001111111100001
0000111000001011
0001111111100010
0000111000001001
0001000000111110
0001100001000001
0001100100000011
0101111100000101
0001001010100000
0001010011100000
0001011111100000
0001000000111111
0000001111111000
1111000000100101
0000000000000001
0000000000000001
0000000000000010
0000001111111111
0000001110100010
0000000000000100
0000000000110010
0000001101010110
