0011000000000000
0001001001100001
0001010010100001
0001011011100010
0010100000010100
0001000000111111
0000010000001011
0001000000111111
0000010000001011
0001000000100000
0000010000001011
0001001001000001
0001111011000001
0001001010100000
0001010011100000
0001011111100000
0001000000111111
0000111111110111
0001111010100000
0000111000000010
0001111011100000
0000111000000000
0101111111000100
1011111000000010
1111000000100101
0000001111111111
0000001110100010
0000000000010010
0000000110100010
0000000111110010
