0011000000000000
0010001000100010
0001101101000000
0000010000010110
0101101101100000
0001101101111110
0001101101000000
0000110000010100
0001010010100010
0001011011100001
0001100100100001
0001110110111110
0101101101100000
0001111010000100
0001111111000100
0101111111000001
0101100100100000
0001100100000011
0101011011100000
0001011011000010
0101010010100000
0001010111000010
0001000000111111
0001101110000000
0000001111110011
0000010000000100
0001111111100001
0000111000000010
0001111111000000
0000111000000000
0001111111100000
1111000000100101
0000001110100010
0000000000000100
0000000000110010
0000000100000010
0000001111111111
