0011000000000000
0001001001100001
0001010010100001
0001011011100010
0010100000011110
0001000000111111
0000100000010110
0001001001000001
0001001001000011
0001101001000100
0000100000000010
0001001001000100
0000111111111100
0001000000111111
0000100000010000
0001010010000010
0001010010000001
0001101010000100
0000100000000010
0001010010000100
0000111111111100
0001000000111111
0000100000001010
0001011011000011
0001011011000010
0001101011000100
0000100111101010
0001011011000100
0000111111111100
0001111001100000
1111000000100101
0001111010100000
1111000000100101
0001111011100000
1111000000100101
1111110000000000
0000000111010110
0000000000110010
0000000110000010
0000000000010110
